Precision: 0.0574713
Recall 0.0298507
F1Value: 0.0392927

Precision: 0.0492611
Recall 0.0304878
F1Value: 0.0376648

