Precision: 0.0632184
Recall 0.0328358
F1Value: 0.043222

Precision: 0.044335
Recall 0.027439
F1Value: 0.0338983

