Precision: 0.224138
Recall 0.116418
F1Value: 0.153242

Precision: 0.226601
Recall 0.140244
F1Value: 0.173258

