Precision: 0.0689655
Recall 0.0358209
F1Value: 0.0471513

Precision: 0.044335
Recall 0.027439
F1Value: 0.0338983

